 1.000  0.00101 4350.  3.705   0.23   4.70   4.01   3.44   2.59   2.02   1.94   1.91   2.07
 1.000  0.00113 4344.  3.734   0.20   4.79   4.10   3.52   2.66   2.09   2.01   1.97   2.14
 1.000  0.00126 4337.  3.762   0.17   4.89   4.19   3.60   2.73   2.16   2.07   2.04   2.21
 1.000  0.00144 4329.  3.795   0.13   5.00   4.29   3.69   2.82   2.23   2.15   2.11   2.29
 1.000  0.00160 4323.  3.824   0.10   5.09   4.39   3.77   2.89   2.30   2.21   2.18   2.36
 1.000  0.00179 4316.  3.853   0.07   5.19   4.48   3.85   2.96   2.37   2.28   2.24   2.43
 1.000  0.00203 4308.  3.886   0.04   5.30   4.59   3.95   3.04   2.45   2.36   2.32   2.51
 1.000  0.00226 4300.  3.915   0.00   5.40   4.68   4.03   3.12   2.51   2.42   2.39   2.58
 1.000  0.00251 4292.  3.943  -0.03   5.50   4.77   4.11   3.19   2.58   2.49   2.45   2.64
 1.000  0.00285 4284.  3.976  -0.06   5.62   4.88   4.21   3.27   2.66   2.56   2.53   2.72
 1.000  0.00318 4276.  4.005  -0.10   5.71   4.98   4.29   3.34   2.72   2.63   2.59   2.79
 1.000  0.00361 4269.  4.038  -0.13   5.81   5.07   4.38   3.43   2.81   2.71   2.68   2.88
 1.000  0.00402 4264.  4.066  -0.16   5.89   5.15   4.46   3.50   2.88   2.78   2.75   2.95
 1.000  0.00447 4260.  4.092  -0.19   5.97   5.23   4.53   3.57   2.95   2.85   2.82   3.01
 1.000  0.00504 4257.  4.122  -0.22   6.05   5.31   4.60   3.65   3.02   2.93   2.89   3.09
 1.000  0.00566 4257.  4.150  -0.25   6.12   5.38   4.67   3.72   3.09   3.00   2.96   3.16
 1.000  0.00634 4261.  4.177  -0.28   6.19   5.44   4.74   3.78   3.16   3.06   3.03   3.22
 1.000  0.00717 4268.  4.206  -0.30   6.24   5.50   4.80   3.85   3.23   3.13   3.10   3.29
 1.000  0.00796 4280.  4.230  -0.32   6.28   5.54   4.84   3.90   3.28   3.19   3.15   3.35
 1.000  0.00893 4297.  4.255  -0.34   6.30   5.56   4.88   3.95   3.34   3.24   3.21   3.40
 1.000  0.01009 4325.  4.280  -0.35   6.31   5.57   4.91   4.00   3.39   3.30   3.27   3.46
 1.000  0.01133 4362.  4.303  -0.36   6.29   5.56   4.93   4.03   3.43   3.34   3.32   3.50
 1.000  0.01264 4408.  4.323  -0.36   6.25   5.52   4.92   4.05   3.47   3.38   3.36   3.54
 1.000  0.01416 4470.  4.343  -0.36   6.18   5.48   4.91   4.06   3.49   3.41   3.39   3.57
 1.000  0.01591 4552.  4.360  -0.34   6.08   5.40   4.86   4.06   3.51   3.43   3.41   3.58
 1.000  0.01789 4658.  4.375  -0.32   5.94   5.29   4.79   4.03   3.51   3.44   3.42   3.59
 1.000  0.02011 4793.  4.385  -0.28   5.75   5.15   4.68   3.97   3.49   3.43   3.41   3.57
 1.000  0.02252 4974.  4.391  -0.22   5.52   4.96   4.53   3.88   3.44   3.39   3.38   3.51
 1.000  0.02521 5186.  4.393  -0.15   5.26   4.76   4.36   3.77   3.39   3.34   3.34   3.45
 1.000  0.02827 5448.  4.397  -0.07   4.98   4.53   4.17   3.66   3.32   3.28   3.29   3.38
 1.000  0.03196 5665.  4.429  -0.03   4.84   4.44   4.10   3.64   3.35   3.31   3.32   3.40
 1.000  0.03642 5629.  4.507  -0.12   5.07   4.66   4.32   3.85   3.55   3.51   3.52   3.61
 1.000  0.03985 5594.  4.531  -0.16   5.17   4.75   4.40   3.93   3.62   3.58   3.59   3.68
 1.000  0.04479 5587.  4.539  -0.17   5.19   4.77   4.42   3.95   3.64   3.60   3.61   3.70
 1.000  0.05190 5589.  4.540  -0.17   5.19   4.77   4.43   3.95   3.64   3.61   3.62   3.70
 1.000  0.05655 5587.  4.540  -0.17   5.20   4.77   4.43   3.95   3.64   3.61   3.62   3.70
 1.000  0.06883 5585.  4.539  -0.17   5.20   4.77   4.43   3.95   3.64   3.60   3.61   3.70
 1.000  0.07687 5585.  4.538  -0.17   5.19   4.77   4.43   3.95   3.64   3.60   3.61   3.70
 1.000  0.08652 5586.  4.538  -0.16   5.19   4.77   4.42   3.95   3.64   3.60   3.61   3.69
 1.000  0.09810 5591.  4.537  -0.16   5.18   4.76   4.42   3.94   3.63   3.60   3.61   3.69
 1.000  0.11199 5596.  4.536  -0.16   5.18   4.76   4.41   3.94   3.63   3.59   3.60   3.69
 1.000  0.12866 5604.  4.535  -0.16   5.17   4.75   4.40   3.93   3.63   3.59   3.60   3.68
 1.000  0.14867 5612.  4.534  -0.15   5.16   4.74   4.40   3.93   3.62   3.59   3.60   3.68
 1.000  0.17267 5620.  4.534  -0.15   5.15   4.73   4.39   3.92   3.62   3.58   3.59   3.68
 1.000  0.20148 5622.  4.533  -0.15   5.14   4.73   4.39   3.92   3.62   3.58   3.59   3.67
 1.000  0.23317 5623.  4.532  -0.15   5.14   4.72   4.38   3.92   3.61   3.58   3.59   3.67
 1.000  0.26486 5626.  4.532  -0.15   5.14   4.72   4.38   3.91   3.61   3.58   3.59   3.67
 1.000  0.29655 5627.  4.531  -0.15   5.13   4.72   4.38   3.91   3.61   3.57   3.58   3.67
 1.000  0.32823 5629.  4.530  -0.14   5.13   4.72   4.38   3.91   3.61   3.57   3.58   3.66
 1.000  0.35992 5630.  4.530  -0.14   5.13   4.71   4.38   3.91   3.61   3.57   3.58   3.66
 1.000  0.39161 5630.  4.529  -0.14   5.13   4.71   4.37   3.90   3.60   3.57   3.58   3.66
 1.000  0.42330 5631.  4.528  -0.14   5.12   4.71   4.37   3.90   3.60   3.57   3.58   3.66
 1.000  0.45499 5632.  4.528  -0.14   5.12   4.71   4.37   3.90   3.60   3.57   3.58   3.66
 1.000  0.48668 5634.  4.527  -0.14   5.12   4.70   4.37   3.90   3.60   3.56   3.57   3.66
 1.000  0.51836 5634.  4.526  -0.14   5.12   4.70   4.36   3.90   3.60   3.56   3.57   3.65
 1.000  0.58174 5636.  4.525  -0.14   5.11   4.70   4.36   3.89   3.59   3.56   3.57   3.65
 1.000  0.64511 5639.  4.524  -0.14   5.11   4.69   4.36   3.89   3.59   3.56   3.57   3.65
 1.000  0.70849 5640.  4.523  -0.13   5.10   4.69   4.35   3.89   3.59   3.55   3.56   3.64
 1.000  0.80356 5644.  4.521  -0.13   5.09   4.68   4.35   3.88   3.58   3.55   3.56   3.64
 1.000  0.89862 5647.  4.520  -0.13   5.09   4.68   4.34   3.87   3.58   3.54   3.55   3.63
 1.000  1.02537 5652.  4.517  -0.12   5.08   4.67   4.33   3.87   3.57   3.54   3.55   3.63
 1.000  1.15212 5657.  4.515  -0.12   5.07   4.66   4.32   3.86   3.56   3.53   3.54   3.62
 1.000  1.27888 5661.  4.513  -0.12   5.06   4.65   4.31   3.85   3.56   3.52   3.53   3.61
 1.000  1.43732 5668.  4.510  -0.11   5.04   4.64   4.30   3.84   3.55   3.51   3.52   3.60
 1.000  1.59576 5674.  4.507  -0.11   5.03   4.62   4.29   3.83   3.54   3.51   3.52   3.60
 1.000  1.78589 5681.  4.504  -0.10   5.02   4.61   4.28   3.82   3.53   3.49   3.51   3.58
 1.000  2.00770 5690.  4.500  -0.09   5.00   4.59   4.26   3.81   3.52   3.48   3.49   3.57
 1.000  2.26121 5700.  4.495  -0.09   4.98   4.57   4.24   3.79   3.50   3.47   3.48   3.56
 1.000  2.51471 5711.  4.490  -0.08   4.95   4.55   4.22   3.77   3.49   3.45   3.47   3.54
 1.000  2.83159 5724.  4.484  -0.07   4.93   4.53   4.20   3.75   3.47   3.43   3.45   3.52
 1.000  3.18016 5739.  4.476  -0.06   4.89   4.50   4.17   3.73   3.45   3.41   3.43   3.50
 1.000  3.56042 5754.  4.468  -0.04   4.86   4.47   4.14   3.70   3.42   3.39   3.40   3.47
 1.000  4.00405 5773.  4.457  -0.03   4.81   4.42   4.10   3.67   3.39   3.36   3.37   3.44
 1.000  4.47937 5792.  4.444  -0.01   4.77   4.38   4.06   3.63   3.35   3.32   3.33   3.41
 1.000  5.01807 5814.  4.429   0.01   4.71   4.32   4.01   3.58   3.31   3.28   3.29   3.36
 1.000  5.65183 5840.  4.408   0.04   4.63   4.25   3.94   3.52   3.25   3.22   3.23   3.30
 1.000  6.31728 5864.  4.383   0.07   4.55   4.17   3.86   3.45   3.18   3.15   3.17   3.23
 1.000  7.10948 5878.  4.349   0.11   4.45   4.08   3.77   3.36   3.09   3.06   3.08   3.15
 1.000  7.96506 5868.  4.306   0.15   4.35   3.98   3.67   3.25   2.99   2.96   2.97   3.04